completion,preds
"Clinton, Favor","Clinton, None"
"Clinton, Against","Trump, None"
"Clinton, Against","Trump, None"
"Clinton, Favor","Clinton, Favor"
"Clinton, Against","Trump, None"
"Clinton, Against","Clinton, Against"
"Clinton, Against","Clinton, Against"
"Clinton, Favor","Clinton, Favor"
"Clinton, Against","Trump, None"
"Clinton, Against","None, None"
"Clinton, Against","Clinton, Against"
"Clinton, Against","Clinton, Against"
"Clinton, Favor","Clinton, None"
"Clinton, Against","Clinton, None"
"Clinton, Against","Clinton, None"
"Clinton, Against","Clinton, Against"
"Clinton, Against","Clinton, Against"
"Clinton, Against","Clinton, None"
"Clinton, Against","Clinton, Against"
"Clinton, Favor","Clinton, Favor"
"Clinton, Against","Clinton, Against"
"Clinton, Against","Clinton, Against"
"Clinton, Favor","Clinton, Favor"
"Clinton, Against","Clinton, Against"
"Clinton, Favor","Clinton, Favor"
"Clinton, Favor","Clinton, None"
"Clinton, Favor","Clinton, Favor"
"Clinton, Against","Clinton, Against"
"Clinton, Against","Clinton, Against"
"Clinton, Against","Clinton, Against"
"Clinton, Against","Clinton, Against"
"Clinton, Favor","Clinton, Favor"
"Clinton, None","Clinton, Against"
"Clinton, Favor","Clinton, None"
"Clinton, None","None, None"
"Clinton, None","Trump, None"
"Clinton, Against","Clinton, Against"
"Clinton, Against","Clinton, Against"
"Clinton, Against","Trump, Against"
"Clinton, Against","Clinton, Against"
"Clinton, None","None, None"
"Clinton, Favor","Clinton, Favor"
"Clinton, None","Trump, None"
"Clinton, Against","None, None"
"Clinton, None","Trump, Against"
"Clinton, Against","Clinton, Against"
"Clinton, Against","None, None"
"Clinton, Favor","Clinton, Favor"
"Clinton, None","Trump, Against"
"Clinton, Against","Clinton, Against"
"Clinton, Against","Clinton, None"
"Clinton, None","Trump, None"
"Clinton, Against","Clinton, Against"
"Clinton, Against","Clinton, Against"
"Clinton, Against","Trump, Favor"
"Clinton, Against","Clinton, Against"
"Clinton, Against","Clinton, Against"
"Clinton, Against","Clinton, Against"
"Clinton, Against","Trump, None"
"Clinton, Against","Clinton, Against"
"Clinton, Favor","Clinton, None"
"Clinton, Against","Clinton, Against"
"Clinton, None","None, None"
"Clinton, Favor","Clinton, Favor"
"Clinton, Against","Clinton, Against"
"Clinton, Against","Clinton, Against"
"Clinton, Against","Trump, None"
"Clinton, Against","Clinton, Against"
"Clinton, Favor","Clinton, Favor"
"Clinton, Against","Clinton, Favor"
"Clinton, Against","Clinton, Against"
"Clinton, Favor","Clinton, Favor"
"Clinton, Against","Clinton, None"
"Clinton, None","Trump, None"
"Clinton, Against","Clinton, Against"
"Clinton, None","Trump, None"
"Clinton, Against","Clinton, Against"
"Clinton, Favor","Clinton, Favor"
"Clinton, Against","Clinton, Against"
"Clinton, Against","Clinton, Against"
"Clinton, Against","Clinton, Against"
"Clinton, None","None, None"
"Clinton, Favor","Clinton, None"
"Clinton, Against","Clinton, Against"
"Clinton, Against","Clinton, Against"
"Clinton, Against","Clinton, Against"
"Clinton, None","Trump, None"
"Clinton, Against","Clinton, Against"
"Clinton, Against","Clinton, Favor"
"Clinton, Against","Clinton, Favor"
"Clinton, Favor","Clinton, Favor"
"Clinton, Against","Clinton, Against"
"Clinton, Favor","Clinton, None"
"Clinton, Against","Clinton, Against"
"Clinton, Against","Clinton, Against"
"Clinton, Favor","Clinton, None"
"Clinton, Against","Clinton, Against"
"Clinton, Against","Trump, None"
"Clinton, Against","Clinton, Against"
"Clinton, Against","Clinton, Against"
"Clinton, Against","Clinton, None"
"Clinton, Against","Clinton, None"
"Clinton, Against","Clinton, Against"
"Clinton, None","Clinton, None"
"Clinton, Against","Clinton, Against"
"Clinton, None","Clinton, None"
"Clinton, None","Trump, None"
"Clinton, None","Trump, None"
"Clinton, Favor","Clinton, Against"
"Clinton, Against","Clinton, Against"
"Clinton, None","None, None"
"Clinton, Favor","Clinton, Favor"
"Clinton, None","None, None"
"Clinton, Against","Sanders, None"
"Clinton, Favor","Clinton, Favor"
"Clinton, Against","Trump, None"
"Clinton, Favor","Clinton, Favor"
"Clinton, Favor","Clinton, Favor"
"Clinton, Against","Clinton, Against"
"Clinton, Against","Clinton, None"
"Clinton, Against","Clinton, Against"
"Clinton, Against","Trump, None"
"Clinton, Favor","Clinton, Favor"
"Clinton, Favor","Clinton, Favor"
"Clinton, None","None, None"
"Clinton, None","None, None"
"Clinton, Against","Clinton, None"
"Clinton, Against","Clinton, Against"
"Clinton, Against","Trump, None"
"Clinton, Against","Clinton, Against"
"Clinton, Against","Clinton, Favor"
"Clinton, Against","Clinton, Against"
"Clinton, None","Clinton, None"
"Clinton, Against","Clinton, Against"
"Clinton, Favor","Clinton, Favor"
"Clinton, Favor","Clinton, Favor"
"Clinton, Against","Clinton, Against"
"Clinton, Against","Clinton, Against"
"Clinton, Against","Clinton, Against"
"Clinton, Favor","Clinton, Favor"
"Clinton, Against","Clinton, Against"
"Clinton, None","None, None"
"Clinton, None","Clinton, Favor"
"Clinton, None","Trump, None"
"Clinton, Against","Clinton, Against"
"Clinton, Favor","Clinton, None"
"Clinton, Against","Clinton, Against"
"Clinton, Favor","Clinton, Favor"
"Clinton, Favor","Clinton, Favor"
"Clinton, Against","Clinton, Against"
"Clinton, None","Clinton, None"
"Clinton, Against","Clinton, Against"
"Clinton, Against","Clinton, Favor"
"Clinton, Favor","Clinton, Favor"
"Clinton, Against","Clinton, Against"
"Clinton, Against","Clinton, Favor"
"Clinton, None","None, None"
"Clinton, Against","Clinton, Against"
"Clinton, Against","Clinton, Against"
"Clinton, Favor","Clinton, Favor"
"Clinton, Favor","Clinton, Favor"
"Clinton, None","None, None"
"Clinton, Against","Clinton, Against"
"Clinton, Against","Clinton, Against"
"Clinton, Against","Sanders, None"
"Clinton, Against","Sanders, None"
"Clinton, Against","Clinton, Against"
"Clinton, Favor","Clinton, Favor"
"Clinton, None","Trump, None"
"Clinton, Against","Clinton, Against"
"Clinton, None","Trump, Favor"
"Clinton, Favor","Clinton, Against"
"Clinton, Favor","Clinton, None"
"Clinton, None","Trump, None"
"Clinton, Against","Trump, None"
"Clinton, Against","Clinton, Against"
"Clinton, None","None, None"
"Clinton, Against","Clinton, Against"
"Clinton, Against","Clinton, Against"
"Clinton, Against","Clinton, Against"
"Clinton, Against","Clinton, Against"
"Clinton, Against","Clinton, Against"
"Clinton, Favor","Clinton, Against"
"Clinton, None","Trump, None"
"Clinton, Against","Clinton, Against"
"Clinton, Against","Clinton, None"
"Clinton, Against","Trump, Against"
"Clinton, None","Trump, Against"
"Clinton, Against","Trump, None"
"Clinton, Against","Trump, None"
"Clinton, Against","Trump, Against"
"Clinton, Against","Clinton, Against"
"Clinton, Favor","Clinton, Favor"
"Clinton, Favor","Clinton, Favor"
"Clinton, Favor","Clinton, Favor"
"Clinton, None","Trump, None"
"Clinton, Against","Clinton, Against"
"Trump, None","Trump, None"
"Trump, Favor","Trump, Favor"
"Trump, Favor","Trump, None"
"Trump, None","Trump, None"
"Trump, Against","Trump, Favor"
"Trump, Against","Trump, None"
"Trump, None","Trump, None"
"Trump, Against","Trump, Against"
"Trump, None","Trump, None"
"Trump, None","Trump, None"
"Trump, Against","Trump, Favor"
"Trump, Against","Trump, None"
"Trump, None","Trump, None"
"Trump, None","Trump, None"
"Trump, None","Trump, None"
"Trump, None","Trump, None"
"Trump, None","Trump, None"
"Trump, None","Trump, None"
"Trump, Against","Clinton, Against"
"Trump, Against","Trump, None"
"Trump, None","Trump, None"
"Trump, Against","Trump, None"
"Trump, Favor","Trump, Favor"
"Trump, Against","Trump, Against"
"Trump, Against","Trump, None"
"Trump, Against","Trump, None"
"Trump, None","Trump, None"
"Trump, Against","Trump, None"
"Trump, Against","Trump, Against"
"Trump, Against","Trump, Against"
"Trump, Favor","Trump, Favor"
"Trump, None","Trump, None"
"Trump, Favor","Trump, Favor"
"Trump, None","Trump, None"
"Trump, Against","Trump, Against"
"Trump, None","Trump, None"
"Trump, Favor","Trump, Favor"
"Trump, Against","Trump, None"
"Trump, Favor","Trump, Favor"
"Trump, Favor","Trump, Favor"
"Trump, Against","Trump, Against"
"Trump, None","Trump, None"
"Trump, Against","Trump, None"
"Trump, Against","Trump, Against"
"Trump, Favor","Trump, Favor"
"Trump, Against","Trump, Favor"
"Trump, None","Trump, None"
"Trump, None","Trump, None"
"Trump, Against","Trump, Favor"
"Trump, Against","Trump, Favor"
"Trump, None","Trump, None"
"Trump, Against","Trump, Favor"
"Trump, Against","Trump, Against"
"Trump, Against","Trump, None"
"Trump, None","Trump, None"
"Trump, Favor","Trump, None"
"Trump, Favor","Trump, Favor"
"Trump, Favor","Trump, Favor"
"Trump, Favor","Trump, Favor"
"Trump, None","Trump, None"
"Trump, Favor","Trump, Favor"
"Trump, Against","Trump, Against"
"Trump, Against","Trump, Against"
"Trump, Favor","Trump, Favor"
"Trump, Against","Trump, None"
"Trump, None","Trump, None"
"Trump, Against","Trump, None"
"Trump, Against","Trump, None"
"Trump, Against","Trump, None"
"Trump, Against","Trump, None"
"Trump, None","Trump, None"
"Trump, None","Trump, None"
"Trump, Against","Trump, Favor"
"Trump, Favor","Trump, Favor"
"Trump, Against","Trump, None"
"Trump, Against","Trump, Against"
"Trump, None","Trump, None"
"Trump, None","Trump, None"
"Trump, Against","Trump, None"
"Trump, Against","Trump, None"
"Trump, Against","Trump, Against"
"Trump, Against","Trump, Against"
"Trump, Against","Trump, None"
"Trump, Against","Trump, Favor"
"Trump, None","Trump, None"
"Trump, Against","Trump, None"
"Trump, Against","Trump, None"
"Trump, Favor","Trump, Favor"
"Trump, None","Trump, None"
"Trump, Favor","Trump, Favor"
"Trump, Favor","Trump, Favor"
"Trump, None","Trump, None"
"Trump, None","Trump, None"
"Trump, Against","Trump, Against"
"Trump, Favor","Trump, Favor"
"Trump, Favor","Trump, Favor"
"Trump, None","Trump, None"
"Trump, None","Trump, None"
"Trump, Against","Trump, None"
"Trump, None","Trump, None"
"Trump, Against","Trump, Against"
"Trump, Against","Trump, None"
"Trump, Favor","Trump, Favor"
"Trump, None","Trump, None"
"Trump, None","Clinton, Against"
"Trump, None","Trump, None"
"Trump, Against","Trump, Favor"
"Trump, None","Trump, None"
"Trump, Against","Trump, None"
"Trump, Against","Trump, Against"
"Trump, None","Trump, None"
"Trump, None","Trump, None"
"Trump, None","Trump, None"
"Trump, None","Trump, None"
"Trump, None","Trump, None"
"Trump, Favor","Trump, Favor"
"Trump, None","Trump, None"
"Trump, None","Trump, None"
"Trump, None","Trump, None"
"Trump, None","Trump, None"
"Trump, None","Trump, None"
"Trump, Against","Trump, None"
"Trump, Against","Trump, Favor"
"Trump, None","Trump, None"
"Trump, None","Trump, None"
"Trump, None","Trump, None"
"Trump, Against","Trump, None"
"Trump, Against","Trump, Against"
"Trump, Against","Trump, None"
"Trump, Against","Trump, None"
"Trump, Against","Trump, None"
"Trump, None","Trump, None"
"Trump, Favor","Trump, Favor"
"Trump, None","Trump, None"
"Trump, Favor","Trump, None"
"Trump, Favor","Trump, Favor"
"Trump, None","Trump, None"
"Trump, None","Trump, None"
"Trump, Against","Trump, None"
"Trump, Against","Trump, None"
"Trump, Against","Trump, None"
"Trump, Against","Trump, Favor"
